10 DSSD output comparison failure(s):
- opt-p0-g8-seed0: output_token_ids mismatch; first differing index 4; reference length 64; actual length 64
  reference: [5, 3685, 6, 10, 8194, 9, 5, 775, 6, 8, 10, 6676, 19, 97, 414, 4, 85, 17, 27, 29, 1365, 7, 192, 596, 42, 169, 9, 2053, 21, 1406, 566, 4211, 35, 24, 21, 5, 169, 2866, 21, 626, 4, 50118, 50118, 1708, 5, 375, 3220, 50, 80, 34, 450, 10, 3294, 11, 5, 169, 52, 206, 59, 5, 232, 4, 2978, 9]
  actual: [5, 3685, 6, 10, 699, 8, 4271, 8194, 9, 63, 5448, 6, 10, 4819, 9, 5, 775, 6, 8, 10, 8194, 9, 5, 10389, 4, 50118, 50118, 7608, 473, 5, 6441, 5448, 173, 116, 3047, 24, 16, 1887, 7, 356, 13, 8117, 8, 1296, 10576, 4, 166, 1166, 59, 42, 609, 11, 10891, 334, 6, 11, 1564, 6, 8, 11, 239, 334, 17759, 4050]
- opt-p0-g8-seed1234: output_token_ids mismatch; first differing index 19; reference length 64; actual length 64
  reference: [5, 936, 50, 9280, 6, 10, 8194, 9, 5, 14073, 7089, 6, 15864, 6, 1450, 6, 8, 14070, 4, 85, 16, 10, 638, 9, 173, 6, 45, 10, 1081, 527, 4, 50118, 50118, 133, 13342, 7721, 9, 42, 2496, 9, 2410, 32, 303, 11, 5, 31757, 9, 5, 8178, 5617, 40369, 35332, 13161, 687, 6, 54, 875, 4271, 2775, 15, 5, 18979, 17, 27]
  actual: [5, 936, 50, 9280, 6, 10, 8194, 9, 5, 14073, 7089, 6, 15864, 6, 1450, 6, 8, 14070, 4, 17815, 2775, 6, 6441, 6665, 6, 8, 97, 2339, 8085, 141, 5, 232, 1364, 4, 50118, 50118, 2264, 2615, 166, 10900, 1740, 152, 116, 50118, 50118, 3762, 9, 5, 144, 5130, 383, 52, 64, 1532, 31, 7739, 557, 6665, 16, 7, 5281, 5, 3184, 9]
- opt-p1-g8-seed0: output_token_ids mismatch; first differing index 17; reference length 64; actual length 64
  reference: [50118, 50118, 34995, 190, 25, 18146, 33, 3831, 55, 16887, 6, 8, 190, 25, 49, 813, 29, 33, 555, 55, 5389, 6, 5, 346, 9, 2799, 6, 15829, 6, 12879, 6, 8, 2339, 11, 5, 232, 34, 7408, 30413, 4, 96, 5, 419, 23137, 29, 6, 89, 58, 103, 291, 153, 2799, 11, 18146, 3612, 4, 2477, 6, 89, 32, 55, 87, 130, 325]
  actual: [50118, 50118, 34995, 190, 25, 18146, 33, 3831, 55, 16887, 6, 8, 190, 25, 49, 813, 29, 1733, 55, 5544, 6, 18146, 33, 57, 478, 543, 30, 5, 1778, 7977, 4, 23148, 117, 1181, 283, 7, 5, 5560, 7, 356, 13, 10, 5674, 4, 252, 236, 24, 7, 28, 303, 4, 20, 5560, 34, 57, 11229, 31, 10, 1400, 3138, 9, 335, 8, 41]
- opt-p1-g8-seed1234: output_token_ids mismatch; first differing index 5; reference length 64; actual length 64
  reference: [50118, 50118, 3762, 9, 5, 2188, 52, 33, 57, 441, 7, 489, 5, 276, 6196, 13, 5, 375, 367, 1724, 16, 14, 6, 150, 209, 24888, 189, 45, 28, 25, 3571, 25, 5, 78, 367, 377, 9, 41, 3571, 92, 5560, 6, 51, 173, 182, 157, 4, 166, 33, 10, 1307, 2783, 6, 8, 52, 218, 17, 27, 90, 33, 86, 7, 860, 960]
  actual: [50118, 50118, 3762, 9, 5, 2424, 6183, 9, 10, 739, 285, 5560, 16, 5, 3143, 14, 24, 1639, 4, 3180, 6, 5, 650, 4504, 9, 6953, 11, 167, 2127, 32, 32749, 1295, 4, 83, 881, 1040, 15, 10, 15263, 64, 9769, 10, 92, 169, 9, 2053, 4, 83, 251, 12, 23156, 17970, 2783, 64, 6017, 555, 5616, 456, 4, 83, 9885, 5135, 3149, 64]
- opt-p2-g8-seed0: output_token_ids mismatch; first differing index 5; reference length 64; actual length 64
  reference: [5, 4905, 8, 2415, 32, 2633, 11, 5, 276, 645, 4, 50118, 50118, 133, 266, 2633, 259, 16, 45, 5, 6097, 65, 303, 11, 144, 9911, 4, 85, 16, 10, 4271, 9027, 9, 65, 9, 5, 144, 505, 8, 4456, 743, 9, 84, 86, 35, 5, 304, 9, 25393, 4, 20, 3331, 34, 626, 41, 4206, 633, 11, 10864, 5, 577, 335, 6, 25]
  actual: [5, 4905, 8, 2415, 32, 3615, 13773, 4, 50118, 50118, 36342, 3111, 89, 16, 10, 5589, 9, 769, 10733, 209, 690, 7, 972, 49, 782, 4, 20, 690, 32, 1051, 7, 3111, 31, 194, 4088, 6, 8, 10930, 31, 2109, 4088, 25, 157, 4, 1993, 3111, 109, 10, 2119, 4819, 9, 5, 690, 8, 33, 1166, 106, 129, 683, 4, 1216, 4315, 32933, 5119]
- opt-p2-g8-seed1234: output_token_ids mismatch; first differing index 3; reference length 64; actual length 64
  reference: [5, 14070, 747, 1804, 7, 5, 864, 22, 6209, 5, 2474, 563, 447, 1917, 50118, 50118, 133, 11741, 18, 4722, 19076, 3522, 1841, 6, 50, 8981, 1729, 6, 16, 10, 205, 1246, 9, 10, 2174, 1884, 558, 4, 152, 544, 21, 554, 11, 30190, 8, 16, 716, 11, 1568, 4, 3139, 2511, 16, 7, 694, 335, 8, 2949, 7, 3111, 1328, 5, 11741, 4]
  actual: [5, 14070, 747, 98, 937, 14, 5, 864, 22, 560, 99, 5239, 113, 16, 314, 20358, 4, 50118, 50118, 133, 776, 1068, 11, 14130, 16, 430, 31, 14, 9, 5, 628, 6200, 29, 4, 20, 168, 8, 940, 9019, 32, 203, 55, 2273, 59, 5, 251, 12, 2962, 2698, 9, 776, 434, 4, 20, 12330, 3380, 1087, 33110, 5, 6114, 7404, 13, 1520, 8]
- opt-p3-g8-seed0: output_token_ids mismatch; first differing index 11; reference length 64; actual length 64
  reference: [98, 2950, 4, 50118, 50118, 133, 3868, 7, 5049, 20234, 16, 190, 55, 24573, 4, 3128, 52, 214, 2950, 19, 5, 46885, 8, 32644, 6, 5, 1468, 16, 2633, 23, 10, 430, 2078, 8, 19, 10, 430, 3184, 4, 22248, 1110, 32, 341, 6, 8, 89, 16, 10, 670, 1056, 15, 1572, 6, 1007, 6, 8, 4093, 4, 20, 1468, 16, 2633, 11, 10]
  actual: [98, 2950, 4, 50118, 50118, 133, 3868, 7, 5049, 20234, 16, 35659, 4, 96, 144, 31266, 6, 3221, 9, 5, 15855, 1548, 3772, 19, 5, 3221, 9, 1572, 8, 3423, 9, 42978, 6, 1375, 15, 7, 5, 3221, 9, 1572, 19, 86, 6, 172, 7, 5, 3221, 9, 2394, 6, 172, 7, 5, 3221, 9, 1572, 19, 2078, 6, 8, 1747, 7, 5, 3221]
- opt-p3-g8-seed1234: output_token_ids mismatch; first differing index 14; reference length 64; actual length 64
  reference: [98, 2950, 4, 50118, 50118, 133, 724, 9, 10, 92, 31196, 31046, 16, 7, 146, 5, 10746, 206, 11, 92, 1319, 4, 96, 42, 403, 6, 5, 724, 16, 7, 146, 5, 10746, 206, 11, 1319, 14, 32, 16632, 19, 92, 17759, 4, 20, 2788, 531, 28, 1982, 19, 5, 1114, 14, 5, 10746, 189, 45, 216, 5, 92, 2956, 77, 24, 78, 6616]
  actual: [98, 2950, 4, 50118, 50118, 133, 724, 9, 10, 92, 31196, 31046, 16, 7, 989, 5, 10746, 2157, 25, 114, 5, 2788, 21, 1982, 13, 5, 78, 86, 4, 598, 278, 62, 42, 21942, 1571, 6, 38, 33, 1381, 7, 15925, 5, 346, 9, 6451, 14198, 2942, 4, 2978, 6, 38, 33, 2942, 92, 32644, 6, 341, 21942, 33090, 6, 8, 1006, 7721, 149]
- opt-p4-g8-seed0: output_token_ids mismatch; first differing index 41; reference length 64; actual length 64
  reference: [98, 15, 4, 50118, 50118, 243, 17, 27, 29, 10, 9288, 6, 95, 101, 14, 37510, 47, 17, 27, 241, 634, 4, 125, 11, 10, 37510, 6, 47, 64, 95, 304, 10, 430, 278, 9, 22162, 4, 96, 10, 12769, 6, 24, 17, 27, 29, 10, 9288, 19, 10, 881, 2472, 4, 50118, 50118, 133, 936, 19, 9288, 12, 805, 42798, 16, 14, 51]
  actual: [98, 15, 4, 50118, 50118, 243, 17, 27, 29, 10, 9288, 6, 95, 101, 14, 37510, 47, 17, 27, 241, 634, 4, 125, 11, 10, 37510, 6, 47, 64, 95, 304, 10, 430, 278, 9, 22162, 4, 96, 10, 12769, 6, 5, 1445, 3780, 16, 5, 37510, 6, 8, 5, 129, 18315, 47, 64, 464, 32, 5, 1980, 14, 3058, 1667, 4, 50118, 50118]
- opt-p4-g8-seed1234: output_token_ids mismatch; first differing index 28; reference length 64; actual length 64
  reference: [5, 101, 4, 50118, 50118, 1185, 33, 57, 2449, 4, 50118, 50118, 133, 724, 9, 42, 651, 16, 7, 14620, 209, 3165, 42798, 88, 5, 2777, 9, 5, 3018, 4, 166, 33, 626, 42, 30, 15059, 5, 2777, 8, 6328, 9, 5, 42798, 6, 8, 2410, 11, 10, 55, 28726, 5033, 2496, 4, 1541, 4374, 16, 7, 904, 10, 12769, 14, 16, 45, 129]
  actual: [5, 101, 4, 50118, 50118, 1185, 33, 57, 2449, 4, 50118, 50118, 133, 724, 9, 42, 651, 16, 7, 14620, 209, 3165, 42798, 88, 5, 2777, 9, 5, 2474, 1044, 4, 20, 724, 9, 5, 651, 16, 7, 6396, 47, 7, 1877, 5, 27766, 7, 1994, 101, 5, 23538, 6, 8, 7, 1994, 101, 5, 2474, 1044, 4, 50118, 50118, 970, 32, 171, 1319]
